29
0 1 structurenum:0
 C  -1.263785  0.350451 -0.608618 
 C  -2.580529  0.746243 -0.357627 
 C  -0.867513 -0.940995 -0.256938 
 C  -3.478675 -0.139008  0.232441 
 C  -1.767243 -1.834813  0.321294 
 C  -3.075719 -1.430331  0.571488 
 C  -0.299478  1.310799 -1.233600 
 C   0.412296  2.144653 -0.154788 
 C   1.678671  1.474255  0.388078 
 C   1.394310  0.169483  1.161577 
 N   1.520648 -1.036676  0.339250 
 C   2.886840 -1.441074 -0.017845 
 C   0.513139 -1.419787 -0.537828 
 O   0.757994 -2.197621 -1.439033 
 H  -2.903671  1.749628 -0.625781 
 H  -4.502377  0.177491  0.425473 
 H  -1.442392 -2.846793  0.566790 
 H  -3.782209 -2.122180  1.024488 
 H   0.444020  0.776066 -1.861940 
 H  -0.828867  1.983816 -1.939370 
 H  -0.288117  2.363470  0.674672 
 H   0.682913  3.131682 -0.580624 
 H   2.385414  1.275355 -0.440550 
 H   2.203335  2.183423  1.057475 
 H   2.097829  0.076386  2.020623 
 H   0.373126  0.197410  1.607856 
 H   3.580358 -1.234551  0.810342 
 H   2.903655 -2.531409 -0.217575 
 H   3.246017 -0.935383 -0.929744 
29
0 1 structurenum:1
 C  -1.263953  0.351898 -0.596600 
 C  -2.580605  0.746835 -0.352548 
 C  -0.867611 -0.940048 -0.249068 
 C  -3.478594 -0.139740  0.226686 
 C  -1.767188 -1.835156  0.318611 
 C  -3.075573 -1.431529  0.561862 
 C  -0.299811  1.313642 -1.210164 
 C   0.412305  2.144392 -0.156978 
 C   1.678820  1.472825  0.376161 
 C   1.394658  0.166405  1.136109 
 N   1.520716 -1.037172  0.335032 
 C   2.886785 -1.440429 -0.012763 
 C   0.512938 -1.417876 -0.522124 
 O   0.757500 -2.193053 -1.401457 
 H  -2.903800  1.750594 -0.617595 
 H  -4.502226  0.176097  0.414345 
 H  -1.442292 -2.847447  0.561519 
 H  -3.781943 -2.124391  1.006573 
 H   0.429352  0.793963 -1.825857 
 H  -0.815263  1.975116 -1.899673 
 H  -0.277421  2.372570  0.665315 
 H   0.672391  3.120577 -0.587817 
 H   2.383757  1.282030 -0.452208 
 H   2.205251  2.174203  1.047796 
 H   2.079152  0.073410  1.980419 
 H   0.392890  0.190766  1.568622 
 H   3.576322 -1.228312  0.814828 
 H   2.903513 -2.529885 -0.205227 
 H   3.249930 -0.940286 -0.923801 
29
0 1 structurenum:2
 C  -1.264121  0.353345 -0.584582 
 C  -2.580682  0.747426 -0.347470 
 C  -0.867710 -0.939101 -0.241199 
 C  -3.478514 -0.140473  0.220930 
 C  -1.767134 -1.835499  0.315928 
 C  -3.075427 -1.432728  0.552236 
 C  -0.300145  1.316484 -1.186728 
 C   0.412314  2.144130 -0.159168 
 C   1.678969  1.471395  0.364244 
 C   1.395005  0.163327  1.110641 
 N   1.520785 -1.037668  0.330814 
 C   2.886729 -1.439784 -0.007681 
 C   0.512736 -1.415965 -0.506421 
 O   0.757006 -2.188485 -1.363881 
 H  -2.903928  1.751560 -0.609409 
 H  -4.502075  0.174702  0.403217 
 H  -1.442192 -2.848101  0.556248 
 H  -3.781677 -2.126603  0.988657 
 H   0.414683  0.811859 -1.789775 
 H  -0.801659  1.966416 -1.859976 
 H  -0.266726  2.381670  0.655958 
 H   0.661868  3.109472 -0.595011 
 H   2.382100  1.288706 -0.463867 
 H   2.207166  2.164983  1.038116 
 H   2.060475  0.070434  1.940215 
 H   0.412653  0.184121  1.529388 
 H   3.572286 -1.222072  0.819313 
 H   2.903371 -2.528361 -0.192879 
 H   3.253843 -0.945190 -0.917859 
29
0 1 structurenum:3
 C  -1.264289  0.354792 -0.572564 
 C  -2.580759  0.748018 -0.342392 
 C  -0.867809 -0.938154 -0.233330 
 C  -3.478434 -0.141205  0.215175 
 C  -1.767079 -1.835842  0.313245 
 C  -3.075282 -1.433926  0.542610 
 C  -0.300479  1.319326 -1.163291 
 C   0.412323  2.143868 -0.161358 
 C   1.679118  1.469965  0.352327 
 C   1.395353  0.160248  1.085172 
 N   1.520853 -1.038165  0.326595 
 C   2.886674 -1.439139 -0.002599 
 C   0.512535 -1.414053 -0.490718 
 O   0.756512 -2.183917 -1.326305 
 H  -2.904057  1.752525 -0.601224 
 H  -4.501924  0.173308  0.392089 
 H  -1.442093 -2.848755  0.550977 
 H  -3.781411 -2.128815  0.970742 
 H   0.400015  0.829755 -1.753693 
 H  -0.788055  1.957716 -1.820279 
 H  -0.256030  2.390770  0.646600 
 H   0.651345  3.098367 -0.602205 
 H   2.380443  1.295381 -0.475526 
 H   2.209082  2.155763  1.028436 
 H   2.041798  0.067458  1.900010 
 H   0.432416  0.177476  1.490154 
 H   3.568249 -1.215833  0.823798 
 H   2.903228 -2.526837 -0.180531 
 H   3.257756 -0.950093 -0.911917 
29
0 1 structurenum:4
 C  -1.277418  0.476479  0.425558 
 C  -2.586271  0.799728  0.080513 
 C  -0.876511 -0.858359  0.421215 
 C  -3.472178 -0.198787 -0.259582 
 C  -1.764326 -1.862492  0.093498 
 C  -3.064905 -1.530586 -0.252633 
 C  -0.326015  1.556201  0.780887 
 C   0.414888  2.121455 -0.345197 
 C   1.692296  1.349077 -0.639266 
 C   1.423268 -0.097507 -1.029773 
 N   1.525421 -1.080893 -0.023869 
 C   2.881034 -1.388107  0.418013 
 C   0.495223 -1.255259  0.813283 
 O   0.715171 -1.804029  1.793386 
 H  -2.912883  1.835616  0.079022 
 H  -4.489771  0.061552 -0.527999 
 H  -1.436596 -2.901532  0.117013 
 H  -3.762031 -2.309099 -0.511339 
 H  -0.814185  2.316966  1.239889 
 H   0.343467  1.236468  1.473269 
 H   0.634698  3.145323 -0.133145 
 H  -0.220864  2.175872 -1.200889 
 H   2.243572  1.846019 -1.446517 
 H   2.369619  1.388353  0.221967 
 H   0.490265 -0.181228 -1.437201 
 H   2.070971 -0.377532 -1.767638 
 H   3.233499 -0.700203  1.194046 
 H   2.889720 -2.402526  0.843973 
 H   3.580843 -1.360970 -0.420483 
29
0 1 structurenum:5
 C  -1.277802  0.477610  0.437268 
 C  -2.586431  0.800116  0.084876 
 C  -0.876743 -0.857701  0.428206 
 C  -3.471971 -0.199589 -0.267011 
 C  -1.764199 -1.862996  0.088974 
 C  -3.064555 -1.531834 -0.264498 
 C  -0.326785  1.558591  0.805050 
 C   0.414920  2.121412 -0.346007 
 C   1.692643  1.348107 -0.649663 
 C   1.424073 -0.099925 -1.054655 
 N   1.525565 -1.081283 -0.028009 
 C   2.880879 -1.387518  0.423611 
 C   0.494740 -1.253770  0.828503 
 O   0.713999 -1.800415  1.830268 
 H  -2.913157  1.836359  0.086929 
 H  -4.489391  0.060175 -0.541113 
 H  -1.436372 -2.902341  0.109464 
 H  -3.761400 -2.311259 -0.532244 
 H  -0.829526  2.334138  1.276908 
 H   0.356337  1.226958  1.513813 
 H   0.645264  3.154524 -0.140454 
 H  -0.230994  2.165436 -1.206951 
 H   2.242454  1.853644 -1.456129 
 H   2.371336  1.379150  0.214135 
 H   0.472228 -0.183359 -1.477279 
 H   2.091532 -0.383083 -1.806157 
 H   3.228976 -0.694431  1.199592 
 H   2.889352 -2.401295  0.856269 
 H   3.585026 -1.365419 -0.413694 
29
0 1 structurenum:6
 C  -1.277843  0.478899  0.449800 
 C  -2.586374  0.801032  0.090861 
 C  -0.876923 -0.856963  0.435489 
 C  -3.471953 -0.199576 -0.272560 
 C  -1.764421 -1.863138  0.085000 
 C  -3.064676 -1.532350 -0.275016 
 C  -0.326782  1.560832  0.829757 
 C   0.415215  2.121361 -0.346560 
 C   1.692923  1.346939 -0.660691 
 C   1.424279 -0.102372 -1.080354 
 N   1.525463 -1.081988 -0.033245 
 C   2.880659 -1.387651  0.427290 
 C   0.494444 -1.252599  0.843161 
 O   0.713444 -1.797426  1.866344 
 H  -2.912991  1.837696  0.096877 
 H  -4.489294  0.059901 -0.551722 
 H  -1.436708 -2.902859  0.102044 
 H  -3.761554 -2.312465 -0.551597 
 H  -0.843667  2.351145  1.314943 
 H   0.370296  1.216967  1.554433 
 H   0.656432  3.163629 -0.147380 
 H  -0.241328  2.155337 -1.212406 
 H   2.240929  1.861138 -1.466550 
 H   2.373470  1.369401  0.205293 
 H   0.453346 -0.185195 -1.517671 
 H   2.111022 -0.388616 -1.845927 
 H   3.224968 -0.689633  1.203192 
 H   2.888940 -2.400897  0.866411 
 H   3.588685 -1.370549 -0.409216 
29
0 1 structurenum:7
 C  -1.277955  0.480794  0.461483 
 C  -2.586189  0.802536  0.095261 
 C  -0.877435 -0.855708  0.443135 
 C  -3.471874 -0.199081 -0.279219 
 C  -1.765048 -1.862856  0.081869 
 C  -3.065004 -1.532462 -0.285432 
 C  -0.326772  1.563783  0.853100 
 C   0.416063  2.120952 -0.348655 
 C   1.693715  1.344913 -0.672176 
 C   1.424862 -0.105947 -1.105452 
 N   1.525155 -1.083021 -0.037060 
 C   2.880003 -1.388024  0.433131 
 C   0.493586 -1.250865  0.859002 
 O   0.711843 -1.793118  1.904119 
 H  -2.912493  1.839687  0.104293 
 H  -4.488982  0.060094 -0.564020 
 H  -1.437662 -2.903002  0.096416 
 H  -3.761967 -2.313341 -0.570480 
 H  -0.857815  2.369349  1.350803 
 H   0.383920  1.208105  1.594211 
 H   0.668295  3.172485 -0.156583 
 H  -0.250791  2.144329 -1.219679 
 H   2.240318  1.867021 -1.477633 
 H   2.375801  1.359346  0.196218 
 H   0.434987 -0.188293 -1.557754 
 H   2.131111 -0.396025 -1.884617 
 H   3.220384 -0.684523  1.208526 
 H   2.887728 -2.400394  0.879526 
 H   3.592214 -1.376732 -0.402334 
29
0 1 structurenum:8
 C  -1.277671  0.482612  0.474323 
 C  -2.585995  0.803777  0.102024 
 C  -0.877429 -0.854490  0.451722 
 C  -3.472042 -0.198989 -0.282548 
 C  -1.765400 -1.862751  0.080647 
 C  -3.065444 -1.532936 -0.292740 
 C  -0.326103  1.566807  0.876561 
 C   0.416352  2.120543 -0.351406 
 C   1.693718  1.342982 -0.685439 
 C   1.424391 -0.109511 -1.131894 
 N   1.524925 -1.083898 -0.042193 
 C   2.879910 -1.388036  0.436401 
 C   0.493686 -1.248971  0.874526 
 O   0.712264 -1.788494  1.941436 
 H  -2.912086  1.841383  0.114256 
 H  -4.489218  0.059740 -0.572052 
 H  -1.438218 -2.903286  0.092514 
 H  -3.762686 -2.314690 -0.585495 
 H  -0.870901  2.387641  1.387192 
 H   0.398946  1.199477  1.633470 
 H   0.679672  3.181385 -0.166818 
 H  -0.261652  2.133148 -1.226971 
 H   2.238101  1.872959 -1.491078 
 H   2.378163  1.349565  0.184714 
 H   0.415145 -0.191530 -1.598219 
 H   2.149426 -0.403457 -1.925293 
 H   3.217028 -0.678918  1.210878 
 H   2.887614 -2.399475  0.890188 
 H   3.595504 -1.382584 -0.398704 
