29
0 1 structurenum:0
 C  315294764921.859497 61327685061.219604 -6583228981.668272 
 C  399823645590.164551 118068061485.296829 327182069515.223633 
 C  84760451537.007004 -79880922517.931274 -354275861153.345825 
 C  379180756723.023865 65054873328.897797 224904935838.551575 
 C  209290442977.509216 -28025588705.041737 -47234943623.075455 
 C  320846952178.593140 29348850811.909733 225902896010.814484 
 C  528450235969.845581 7029829942.736222 161901118775.299133 
 C  -529983014576.967773 880641959304.874390 286739871374.070557 
 C  -187456618214.187286 1504047278626.722412 371141939423.800781 
 C  -175326715567.897339 470463787728.467651 -1164123297740.782471 
 N  266835315205.898956 1122074448347.906494 -1938728007408.261230 
 C  -21778688842.202415 -631466190989.519043 -566157692423.471436 
 C  -103534232678.196671 -1313833864356.560303 -717163953185.557739 
 O  -1257915820966.785645 -3775996595881.445312 1810833191398.397949 
 H  443322339576.737671 238220384886.954559 706396830830.826172 
 H  351931256146.247986 -9264712726.746922 174790171119.490509 
 H  374356640580.815308 23259041848.491821 -30083917210.486553 
 H  412488130693.719116 62196400794.855911 420980320883.562683 
 H  1462707509891.354736 -254576743348.152039 1310526127837.495117 
 H  963324488086.245117 -699144011329.683594 -921263692695.710938 
 H  -838475953776.921265 363230092962.970520 185900045589.056824 
 H  -1277341005047.209473 1158455900105.491699 475723824397.934082 
 H  699066203304.384033 2939231501989.484375 612788218679.297363 
 H  -1247429377035.600830 1335030098090.780762 1660556645079.995361 
 H  -714683385525.235107 -99238578553.565094 -799494133101.814331 
 H  -535874985670.628784 23025617772.592976 -1767998412586.576904 
 H  -515722707118.028748 -1620757840139.242676 151231012601.985901 
 H  -1294019711041.791016 -724070368006.024292 -520363400055.541321 
 H  1486244437544.488037 -1151286446345.741699 -263068933537.995636 
29
0 1 structurenum:1
 C  471249631423.381531 -187808619016.631195 -252310414833.961395 
 C  512602727384.865112 -85023638527.360748 -62627551054.731071 
 C  251998723561.414551 -310345906104.940918 -410653207288.954163 
 C  460632650186.508850 22305795057.492161 49427619558.445633 
 C  325620673256.553406 -63469715687.388565 458018385341.476074 
 C  373743444785.066895 49104736882.911201 553749300652.590942 
 C  343640002356.663086 103225384383.330444 78863146855.584747 
 C  359593213723.199829 331262082206.620972 -153350580664.906677 
 C  57336140691.225746 320694495131.867065 954563433687.018311 
 C  -1257004586476.987061 -376694738695.957153 -296830565400.218018 
 N  -66488230531.151459 -77246681642.525040 -822711577938.619263 
 C  -75263008778.083374 -23554367259.237564 -770492387966.179932 
 C  66568166707.154648 -614847644566.406494 -663368045786.160889 
 O  30142521591.687214 -839114695530.639038 -281245729474.099609 
 H  635677826335.260010 -22107762902.259834 65003033138.786659 
 H  483286320420.827148 93263439172.278610 -142010732023.261597 
 H  389920373388.783142 75321331970.148911 1249957250854.322510 
 H  361301119315.725769 197739915709.429291 1050387999466.219971 
 H  261779542566.129578 598346364214.217896 -103805190196.140945 
 H  153329522796.968933 124634420747.448990 586087517669.853027 
 H  188023135292.224091 1208374161877.988770 -653409933740.967285 
 H  682994126875.660156 -213366527642.744049 -754918129083.490356 
 H  1455499686078.295410 1133656164527.352783 1352107683025.662354 
 H  -778118398734.577759 192826764626.584991 2581593755767.520508 
 H  -2973675000461.101562 -569066635633.717651 1128583001863.261230 
 H  -2240447844038.767578 -706856785251.263428 -2128550012654.464844 
 H  540766091804.638428 1990915484201.521729 -2468569280813.172852 
 H  387755308809.112305 -6671737066.196359 1719617921858.642334 
 H  -1414349230704.942627 -2334136635158.495605 -1852636980658.007080 
29
0 1 structurenum:2
 C  -72275041737.230453 382440741017.752747 -538190813659.968872 
 C  -203113086258.880920 -408908360058.159973 -420107982595.049011 
 C  657565494967.025635 694304243133.989136 -901423785741.056519 
 C  596261582833.766846 -1104017602999.277100 -249815622963.091553 
 C  1707016403892.319092 162052289066.740387 917108644418.002686 
 C  1515118597488.734375 -645728162875.579102 971839625761.382080 
 C  -870116841777.926025 1487266962480.382080 1543790581940.441650 
 C  2221161531561.527832 -1784162946328.627441 -3071565164172.774902 
 C  -40460211470.634338 -3706070616512.850098 -325322752364.865173 
 C  -2659813906924.171875 -54142485866.500198 3204692479929.726562 
 N  -936422495365.218994 -4543444167494.423828 11740108710723.869141 
 C  -757090870038.597534 853638759468.222046 2320292591565.103516 
 C  1055855353254.071533 2068684727199.890381 -4373269603746.487305 
 O  2429699604324.755859 6013844935628.659180 -16435989267663.707031 
 H  -768065730729.207886 -604585885895.343262 -271926774987.572754 
 H  445689206259.692505 -1931193345353.978027 -964078767682.881348 
 H  2677561064801.250488 820605442763.140991 2234676511308.153320 
 H  1900750613499.764893 -871308124255.963867 1699786036419.082764 
 H  -6579172070082.839844 6042226344650.387695 1221353763126.855713 
 H  1115514939377.644775 986219498904.318848 8621534934151.226562 
 H  5396310543546.492188 2245633295048.350586 -5835147281371.946289 
 H  3447111873759.818848 -6154950016184.945312 -5525453139921.177734 
 H  -393806931283.535767 -7015607912865.910156 880499516403.480957 
 H  1302342451287.665283 -3604028817942.704590 -1908326751521.041260 
 H  -6055090161232.319336 4454807111643.136719 5566949087299.440430 
 H  -3744339197785.174805 1502115113066.798096 -980229286106.592773 
 H  1688254544722.832764 2708332580614.553223 -1948736240866.250732 
 H  2156363507377.616455 691928130871.159668 2052078263105.239014 
 H  -7266202843196.138672 1317649096511.781006 816490558598.491089 
29
0 1 structurenum:3
 C  -583568698763.621338 413298253672.210327 56949739453.225151 
 C  -423041079208.561279 134502805233.193161 292589106323.286682 
 C  75216230603.201080 261223260427.154694 -196409501004.670837 
 C  -113128580276.124084 -256294583169.983612 456569841420.971619 
 C  407534708361.377136 467380826478.147583 1639110212257.310791 
 C  262938074814.403625 170816685077.698151 1615177935725.360840 
 C  -715333635569.594482 1307534410505.214844 796027665959.981079 
 C  -183646277731.180084 1563851801932.058594 244853858815.460449 
 C  714250743891.971802 2063508200114.322754 735233118258.158203 
 C  480878716414.809998 -466710283601.058350 -3611006554291.406250 
 N  1000109142105.310303 -989771792766.999878 -1474821048578.594971 
 C  1169493561269.607666 -3122489015427.132324 1270104298896.585449 
 C  560030699064.404175 -264682108334.648285 -2154171741565.113770 
 O  15308744047.870464 153911551922.916931 -4246357529433.713379 
 H  -715768828940.305664 64952038939.235542 528905833096.450867 
 H  -130100797091.871643 -647801147008.427246 -214781628890.553925 
 H  595334343926.762451 869775945878.292847 3096534307355.180664 
 H  486798561022.672729 82690051352.759872 2427419777721.163086 
 H  -1241672172865.314941 1938416840460.584961 1348267197376.609619 
 H  -123672698992.979568 177578188576.659729 1801634245324.050293 
 H  -468311149885.274902 1784585125056.708496 -367056789814.952332 
 H  -534808071857.318665 552020497322.804443 -63138049351.265289 
 H  2665254302077.083496 5620988850728.158203 1651655677835.394043 
 H  -2416364265616.504395 971088008268.151245 3805199643808.808105 
 H  -6698425300462.125977 -158992562517.334045 -3710523424194.765137 
 H  2265330576087.303711 -1287308133490.208984 -11912040855953.345703 
 H  801917602709.614258 -2810230642390.282227 1548201375274.935547 
 H  -155758886577.579895 -2965269040554.071777 3745594708355.425781 
 H  2982631502959.624512 -5639519442022.477539 926334849405.856079 
29
0 1 structurenum:4
 C  64105770432.610008 412785338228.109192 -449169029393.245789 
 C  -286134588528.653931 146870976169.674103 143448460032.729675 
 C  131016516175.605560 560626912205.187622 -835763724584.304932 
 C  76523925081.398727 6863325166.975115 314884954155.743835 
 C  379428330723.842896 787013441728.131958 1714495742773.689941 
 C  256294773273.111511 310784270228.859131 1750236481029.919189 
 C  -832998383827.380737 897373877224.863770 1099043930554.402588 
 C  -1299295964244.224609 1425404356615.097656 111453640163.040207 
 C  -785532505751.957764 2219089672650.197266 314540903198.877930 
 C  993905138477.879272 -307184844170.414185 -6444204465709.541016 
 N  223832302189.371643 129808454684.561417 -4465984272913.194336 
 C  1506795964171.221924 -3916167341762.198730 1551952051329.192139 
 C  395677961926.901672 3627667490314.604492 -3172094764027.573242 
 O  83689044442.674759 -2519911966206.713379 -4620829028818.642578 
 H  -542043959989.578186 180255649004.381439 698122831008.280029 
 H  48902343250.826378 -425152939009.347107 -442916150303.638550 
 H  508138135531.339661 1185458679326.577393 3694783408611.377441 
 H  407383420512.670349 307837719377.236572 2761875013395.258789 
 H  -2345545393702.250977 2634650442363.686523 2173706879403.579590 
 H  -132962051631.342896 -671187948018.566406 2920069377146.863281 
 H  -1504732727865.459229 1979046324111.497070 -735602737013.532715 
 H  -1746930736953.415527 674906847810.131958 -208320048646.651276 
 H  1769956542349.299805 7712274054490.633789 2672935933976.944824 
 H  -4965127664674.549805 -483852871267.701965 3799926739788.442871 
 H  -1045369597568.010010 -1553281025319.206787 -7101828524696.871094 
 H  3017820690516.520996 814874104316.000244 -7094239516836.999023 
 H  613865840629.280151 -4346721968256.978027 3404726216511.371094 
 H  -1108786148060.421875 -3909113201006.570312 5610649492574.625000 
 H  6112312690781.661133 -7904685022598.405273 917681955495.782715 
29
0 1 structurenum:5
 C  291370154199.916260 414481388713.821533 -523373150110.410217 
 C  389995963335.754822 111269227312.779037 -1887640000652.116943 
 C  256991605173.130707 310474184909.823181 -839069785116.581055 
 C  441939984790.340637 70334004753.796692 -1921052980313.353027 
 C  465783963016.029541 167834736645.552856 -1865255046037.908936 
 C  412427045363.221436 98856012654.278275 -1751177873472.375488 
 C  330566808474.863220 174578763709.053741 3977067123661.088379 
 C  -851363635569.056763 -308450938829.443237 -1711762895838.222168 
 C  -301803855546.460815 463016228503.386658 -1700153656077.483398 
 C  -556632110034.972046 262137969499.929199 -948030374304.395264 
 N  -19481778120.694866 -352726912348.003113 -2862793054397.143555 
 C  187784311725.712982 -630382162130.970947 652480074264.019165 
 C  101387127446.127029 865348754614.276489 491899798136.118896 
 O  -353858934764.521790 470012259883.252747 4919990320192.413086 
 H  382500035966.093567 16190110947.162737 -2446471454658.991211 
 H  419347826818.449036 17929186322.398125 -1836157688471.715088 
 H  509924140135.364319 96582345854.454483 -2252668828338.895996 
 H  471057448232.950256 86344800249.631119 -1365013168998.371582 
 H  -3595940814172.260254 5182536898247.098633 10782834768491.876953 
 H  6149738359228.243164 -5147906765605.864258 7642004227593.928711 
 H  325531141436.386780 1260648590170.104492 -4659030936778.657227 
 H  -3075646734972.375000 -3563365162826.380371 -2468292199151.492676 
 H  -495395100129.337708 597218588092.644531 -1790891087395.777588 
 H  -301730781744.473755 868050049940.054932 -1743137886304.181885 
 H  1063321702573.972412 -2247888797.094651 1905315250325.029541 
 H  -3168592645062.509277 1146398469955.729004 -788850731100.616699 
 H  -277525472431.440369 1264648100221.761963 -329273419773.097961 
 H  -304862076353.828796 630207084711.519287 4271529042565.486328 
 H  1097422100156.861328 -4585486633957.021484 1089903074871.427979 
29
0 1 structurenum:6
 C  31494642200.255318 291143234177.090454 -192595217105.153809 
 C  123905382052.649704 36072370832.569763 -660002781097.336548 
 C  201594957226.021423 354618954537.081421 -127343487326.407196 
 C  266963962506.521973 -131628934018.284149 -421509517298.751404 
 C  477412945267.234558 137442149670.324310 -378765524950.818542 
 C  420788091645.007874 -37526984002.819878 -245678091698.425598 
 C  -18664717261.089355 253827909175.253540 610862951204.022827 
 C  -136444473045.272415 -3388936221.570629 -57167582560.529541 
 C  -471713691353.755066 -322915305650.565430 543922521691.136780 
 C  -230717598154.644440 166430549241.178406 -669215128955.139160 
 N  3399954945.393869 -612704204849.622803 -1821766467586.413574 
 C  4948009021.054661 -435781913464.042969 -740335525027.120117 
 C  145828543301.257294 524385636431.405640 654136630806.363770 
 O  20785525927.560772 1506766581744.641113 3173804857600.552734 
 H  29117269761.477112 -89918544690.999832 -1069703937082.581177 
 H  215720551884.020355 -300835771584.970764 -305782741543.003845 
 H  694131602270.654297 196751821907.080078 -480306744264.960449 
 H  533144995816.439209 -125292140858.025024 80805522893.382858 
 H  -394929172785.178101 900635317158.892456 1841609550020.727539 
 H  890153934255.513672 -687322031895.146118 959023848885.425903 
 H  148064506852.951416 280688407770.759705 -724667287870.273560 
 H  -124168057671.685455 -659262544439.350952 -173736377980.571259 
 H  78901734233.452164 -240871984870.671204 1937087152758.773438 
 H  -1733176879603.555420 -1185707205225.085205 686628814515.825684 
 H  -420999683022.555298 408817953107.596741 -194738354833.476105 
 H  -656697220415.453857 1207004972235.364746 -1088480754655.225952 
 H  523860754355.687439 1217395609119.239014 -2624716663896.319824 
 H  219356150507.397552 650438995566.893677 2268817771764.943848 
 H  -848770981496.964355 -3313255040129.219727 -777928176673.596191 
29
0 1 structurenum:7
 C  69010065186.925659 479380546345.732422 740757365361.506592 
 C  314203061662.533508 222646008077.274109 -106034241636.997696 
 C  307536899358.940247 572945148088.132568 765810356484.265015 
 C  679470074090.624512 -21293437407.162411 -705145680137.976929 
 C  752904523599.241211 317724181968.557312 -2786103413.721109 
 C  856315638559.281494 45842016690.490578 -624787427796.850098 
 C  41828923250.825409 421572531253.299744 905663734724.237183 
 C  -862550803334.679443 202226909373.992218 -482232218593.134216 
 C  -729703430182.774536 413920541436.081299 312235112670.794739 
 C  -182972757960.327667 205933382660.192963 478138300666.951294 
 N  -40768862170.716225 241791452373.307922 560038106474.390991 
 C  -269783346007.707855 -1118730253385.260498 -638784427862.445435 
 C  217304392418.923401 616316784370.207642 998933171009.107178 
 O  195624109532.709320 855665017270.170776 1184843840587.685059 
 H  251829244439.306061 139873370288.827332 -430160536138.916748 
 H  774012019318.657349 -296181575157.906128 -1305610440204.893311 
 H  1059364994045.966919 396954675704.659058 -230801167388.435852 
 H  1139197214806.625488 -144725674669.220856 -1077705986001.625610 
 H  6619621827.552695 314410266262.111816 2215135605166.354004 
 H  1357505948181.579346 17730533571.937000 457613996214.809998 
 H  -1053207827600.119629 754598458233.701782 -2097872845730.997070 
 H  -1474808199313.882324 -1338810472414.196045 -473815076189.218445 
 H  -518216843101.671143 418359214843.265076 849200824533.557861 
 H  -1452443209327.973145 576351960259.803223 525979842827.229126 
 H  -210568977192.614441 -128390504974.806000 440116072097.987366 
 H  -155974275022.227722 459011623433.038574 496265690309.621704 
 H  1985045968090.994385 -532701884485.351929 -2303741135082.503418 
 H  -1331407453386.989014 -360177537130.048462 1282943348755.613037 
 H  -1735368545712.682129 -3757974538400.286133 -1759492484155.177246 
29
0 1 structurenum:8
 C  381892443806.822937 74252304758.419876 23913257135.257141 
 C  487153702907.477051 57358990055.688057 -360371774964.665771 
 C  81878285386.558899 -9197892198.012051 440646584291.996704 
 C  453032489914.851624 9500911295.818899 -234164320728.113281 
 C  247692860865.614899 -13888375316.147230 81663646858.945724 
 C  389467921251.994141 -24298343905.386673 -230951055711.786469 
 C  618386223849.326416 -32814443133.333321 -133524102869.013672 
 C  -560105550704.475708 912813467653.776611 -604119074660.920654 
 C  -153870572707.169342 1592314855792.021729 -825304077366.307251 
 C  -318933913339.579163 835556223508.772095 1173978052576.054443 
 N  126827097295.287811 1760025810086.667725 1906269598168.353516 
 C  -89396946750.891342 -554291371765.306885 797539952529.754639 
 C  -310045353137.244934 -1076923560707.669067 653466997318.339966 
 O  -1258211473852.442627 -4925998279129.172852 -692496014000.065430 
 H  579576039255.528931 81948368692.270844 -810869922313.443970 
 H  423778147710.251343 -58325675490.775330 -152765592121.942474 
 H  432150345489.145264 39051185235.949089 60455277811.146973 
 H  518682126936.604004 -39839455945.579193 -443008138812.114563 
 H  1010162557369.117798 -533029925256.242065 1310411056454.110596 
 H  1808655358136.998779 -624113334349.629517 -1257615989974.449707 
 H  -1401227470629.719971 1164390264516.986816 -967786649704.648315 
 H  -938582491317.223267 353920834580.209961 -393620436045.048279 
 H  -1239962540291.846680 1049887586921.363525 -2327973187258.788086 
 H  902404679958.313110 3136872432798.157227 -1391291445475.269775 
 H  -793794961619.359741 491982635158.810242 1923177106798.177490 
 H  -909594471672.761719 93810571467.833405 842852099250.129517 
 H  1662812562811.726807 -1207090380295.901367 743377421312.292725 
 H  -1549174440187.955811 -680894253530.403809 644633800887.419312 
 H  -602149823851.468384 -1862601045571.845459 209463870018.642792 
